Loaded 7 adjacency matrices.
Starting 35 runs.
Adjacency Matrix:
0111
0000
0000
0000
Strategy:
RandomLearning
Alpha:
1
Replication:
0
Payoffs:
Trait 0: 0
Trait 1: 1.16183
Trait 2: 1.03173
Trait 3: 1.48675
Building initial transition matrix with uniform trait frequencies
Number of transient states: 7
Number of absorbing states: 1
Initial state new index: 0
States:
1000
1100
1010
1001
1110
1101
1011
1111
Initial transition matrix:
      0.00       0.33       0.33       0.33       0.00       0.00       0.00       0.00 
      0.00       0.00       0.00       0.00       0.50       0.50       0.00       0.00 
      0.00       0.00       0.00       0.00       0.50       0.00       0.50       0.00 
      0.00       0.00       0.00       0.00       0.00       0.50       0.50       0.00 
      0.00       0.00       0.00       0.00       0.00       0.00       0.00       1.00 
      0.00       0.00       0.00       0.00       0.00       0.00       0.00       1.00 
      0.00       0.00       0.00       0.00       0.00       0.00       0.00       1.00 
      0.00       0.00       0.00       0.00       0.00       0.00       0.00       1.00 
Q matrix:
      0.00       0.33       0.33       0.33       0.00       0.00       0.00 
      0.00       0.00       0.00       0.00       0.50       0.50       0.00 
      0.00       0.00       0.00       0.00       0.50       0.00       0.50 
      0.00       0.00       0.00       0.00       0.00       0.50       0.50 
      0.00       0.00       0.00       0.00       0.00       0.00       0.00 
      0.00       0.00       0.00       0.00       0.00       0.00       0.00 
      0.00       0.00       0.00       0.00       0.00       0.00       0.00 
I - Q matrix:
      1.00      -0.33      -0.33      -0.33       0.00       0.00       0.00 
      0.00       1.00       0.00       0.00      -0.50      -0.50       0.00 
      0.00       0.00       1.00       0.00      -0.50       0.00      -0.50 
      0.00       0.00       0.00       1.00       0.00      -0.50      -0.50 
      0.00       0.00       0.00       0.00       1.00       0.00       0.00 
      0.00       0.00       0.00       0.00       0.00       1.00       0.00 
      0.00       0.00       0.00       0.00       0.00       0.00       1.00 
Preliminary Fundamental matrix:
      1.00       0.33       0.33       0.33       0.33       0.33       0.33 
      0.00       1.00       0.00       0.00       0.50       0.50       0.00 
      0.00       0.00       1.00       0.00       0.50       0.00       0.50 
      0.00       0.00       0.00       1.00       0.00       0.50       0.50 
      0.00       0.00       0.00       0.00       1.00       0.00       0.00 
      0.00       0.00       0.00       0.00       0.00       1.00       0.00 
      0.00       0.00       0.00       0.00       0.00       0.00       1.00 
Updated trait frequencies:
Trait 0: 1.00
Trait 1: 0.33
Trait 2: 0.33
Trait 3: 0.33
Building final transition matrix with updated trait frequencies
Number of transient states: 7
Number of absorbing states: 1
Initial state new index: 0
Q matrix:
      0.00       0.33       0.33       0.33       0.00       0.00       0.00 
      0.00       0.00       0.00       0.00       0.50       0.50       0.00 
      0.00       0.00       0.00       0.00       0.50       0.00       0.50 
      0.00       0.00       0.00       0.00       0.00       0.50       0.50 
      0.00       0.00       0.00       0.00       0.00       0.00       0.00 
      0.00       0.00       0.00       0.00       0.00       0.00       0.00 
      0.00       0.00       0.00       0.00       0.00       0.00       0.00 
I - Q matrix:
      1.00      -0.33      -0.33      -0.33       0.00       0.00       0.00 
      0.00       1.00       0.00       0.00      -0.50      -0.50       0.00 
      0.00       0.00       1.00       0.00      -0.50       0.00      -0.50 
      0.00       0.00       0.00       1.00       0.00      -0.50      -0.50 
      0.00       0.00       0.00       0.00       1.00       0.00       0.00 
      0.00       0.00       0.00       0.00       0.00       1.00       0.00 
      0.00       0.00       0.00       0.00       0.00       0.00       1.00 
Expected steps: 3.00
Fundamental matrix:
      1.00       0.33       0.33       0.33       0.33       0.33       0.33 
      0.00       1.00       0.00       0.00       0.50       0.50       0.00 
      0.00       0.00       1.00       0.00       0.50       0.00       0.50 
      0.00       0.00       0.00       1.00       0.00       0.50       0.50 
      0.00       0.00       0.00       0.00       1.00       0.00       0.00 
      0.00       0.00       0.00       0.00       0.00       1.00       0.00 
      0.00       0.00       0.00       0.00       0.00       0.00       1.00 
Adjacency Matrix:
0111
0000
0000
0000
Strategy:
PayoffBasedLearning
Alpha:
1.00
Replication:
0
Payoffs:
Trait 0: 0.00
Trait 1: 1.92
Trait 2: 1.54
Trait 3: 1.57
Building initial transition matrix with uniform trait frequencies
Number of transient states: 7
Number of absorbing states: 1
Initial state new index: 0
States:
1000
1100
1010
1001
1110
1101
1011
1111
Initial transition matrix:
      0.00       0.38       0.31       0.31       0.00       0.00       0.00       0.00 
      0.00       0.00       0.00       0.00       0.50       0.50       0.00       0.00 
      0.00       0.00       0.00       0.00       0.55       0.00       0.45       0.00 
      0.00       0.00       0.00       0.00       0.00       0.56       0.44       0.00 
      0.00       0.00       0.00       0.00       0.00       0.00       0.00       1.00 
      0.00       0.00       0.00       0.00       0.00       0.00       0.00       1.00 
      0.00       0.00       0.00       0.00       0.00       0.00       0.00       1.00 
      0.00       0.00       0.00       0.00       0.00       0.00       0.00       1.00 
Q matrix:
      0.00       0.38       0.31       0.31       0.00       0.00       0.00 
      0.00       0.00       0.00       0.00       0.50       0.50       0.00 
      0.00       0.00       0.00       0.00       0.55       0.00       0.45 
      0.00       0.00       0.00       0.00       0.00       0.56       0.44 
      0.00       0.00       0.00       0.00       0.00       0.00       0.00 
      0.00       0.00       0.00       0.00       0.00       0.00       0.00 
      0.00       0.00       0.00       0.00       0.00       0.00       0.00 
I - Q matrix:
      1.00      -0.38      -0.31      -0.31       0.00       0.00       0.00 
      0.00       1.00       0.00       0.00      -0.50      -0.50       0.00 
      0.00       0.00       1.00       0.00      -0.55       0.00      -0.45 
      0.00       0.00       0.00       1.00       0.00      -0.56      -0.44 
      0.00       0.00       0.00       0.00       1.00       0.00       0.00 
      0.00       0.00       0.00       0.00       0.00       1.00       0.00 
      0.00       0.00       0.00       0.00       0.00       0.00       1.00 
Preliminary Fundamental matrix:
      1.00       0.38       0.31       0.31       0.36       0.37       0.28 
      0.00       1.00       0.00       0.00       0.50       0.50       0.00 
      0.00       0.00       1.00       0.00       0.55       0.00       0.45 
      0.00       0.00       0.00       1.00       0.00       0.56       0.44 
      0.00       0.00       0.00       0.00       1.00       0.00       0.00 
      0.00       0.00       0.00       0.00       0.00       1.00       0.00 
      0.00       0.00       0.00       0.00       0.00       0.00       1.00 
Updated trait frequencies:
Trait 0: 1.00
Trait 1: 0.37
Trait 2: 0.31
Trait 3: 0.32
Building final transition matrix with updated trait frequencies
Number of transient states: 7
Number of absorbing states: 1
Initial state new index: 0
Q matrix:
      0.00       0.42       0.29       0.30       0.00       0.00       0.00 
      0.00       0.00       0.00       0.00       0.49       0.51       0.00 
      0.00       0.00       0.00       0.00       0.59       0.00       0.41 
      0.00       0.00       0.00       0.00       0.00       0.60       0.40 
      0.00       0.00       0.00       0.00       0.00       0.00       0.00 
      0.00       0.00       0.00       0.00       0.00       0.00       0.00 
      0.00       0.00       0.00       0.00       0.00       0.00       0.00 
I - Q matrix:
      1.00      -0.42      -0.29      -0.30       0.00       0.00       0.00 
      0.00       1.00       0.00       0.00      -0.49      -0.51       0.00 
      0.00       0.00       1.00       0.00      -0.59       0.00      -0.41 
      0.00       0.00       0.00       1.00       0.00      -0.60      -0.40 
      0.00       0.00       0.00       0.00       1.00       0.00       0.00 
      0.00       0.00       0.00       0.00       0.00       1.00       0.00 
      0.00       0.00       0.00       0.00       0.00       0.00       1.00 
Expected steps: 3.00
Fundamental matrix:
      1.00       0.42       0.29       0.30       0.37       0.39       0.24 
      0.00       1.00       0.00       0.00       0.49       0.51       0.00 
      0.00       0.00       1.00       0.00       0.59       0.00       0.41 
      0.00       0.00       0.00       1.00       0.00       0.60       0.40 
      0.00       0.00       0.00       0.00       1.00       0.00       0.00 
      0.00       0.00       0.00       0.00       0.00       1.00       0.00 
      0.00       0.00       0.00       0.00       0.00       0.00       1.00 
Adjacency Matrix:
0111
0000
0000
0000
Strategy:
ProximalLearning
Alpha:
1.00
Replication:
0
Payoffs:
Trait 0: 0.00
Trait 1: 1.35
Trait 2: 1.83
Trait 3: 1.23
Building initial transition matrix with uniform trait frequencies
Number of transient states: 7
Number of absorbing states: 1
Initial state new index: 0
States:
1000
1100
1010
1001
1110
1101
1011
1111
Initial transition matrix:
      0.00       0.33       0.33       0.33       0.00       0.00       0.00       0.00 
      0.00       0.00       0.00       0.00       0.50       0.50       0.00       0.00 
      0.00       0.00       0.00       0.00       0.50       0.00       0.50       0.00 
      0.00       0.00       0.00       0.00       0.00       0.50       0.50       0.00 
      0.00       0.00       0.00       0.00       0.00       0.00       0.00       1.00 
      0.00       0.00       0.00       0.00       0.00       0.00       0.00       1.00 
      0.00       0.00       0.00       0.00       0.00       0.00       0.00       1.00 
      0.00       0.00       0.00       0.00       0.00       0.00       0.00       1.00 
Q matrix:
      0.00       0.33       0.33       0.33       0.00       0.00       0.00 
      0.00       0.00       0.00       0.00       0.50       0.50       0.00 
      0.00       0.00       0.00       0.00       0.50       0.00       0.50 
      0.00       0.00       0.00       0.00       0.00       0.50       0.50 
      0.00       0.00       0.00       0.00       0.00       0.00       0.00 
      0.00       0.00       0.00       0.00       0.00       0.00       0.00 
      0.00       0.00       0.00       0.00       0.00       0.00       0.00 
I - Q matrix:
      1.00      -0.33      -0.33      -0.33       0.00       0.00       0.00 
      0.00       1.00       0.00       0.00      -0.50      -0.50       0.00 
      0.00       0.00       1.00       0.00      -0.50       0.00      -0.50 
      0.00       0.00       0.00       1.00       0.00      -0.50      -0.50 
      0.00       0.00       0.00       0.00       1.00       0.00       0.00 
      0.00       0.00       0.00       0.00       0.00       1.00       0.00 
      0.00       0.00       0.00       0.00       0.00       0.00       1.00 
Preliminary Fundamental matrix:
      1.00       0.33       0.33       0.33       0.33       0.33       0.33 
      0.00       1.00       0.00       0.00       0.50       0.50       0.00 
      0.00       0.00       1.00       0.00       0.50       0.00       0.50 
      0.00       0.00       0.00       1.00       0.00       0.50       0.50 
      0.00       0.00       0.00       0.00       1.00       0.00       0.00 
      0.00       0.00       0.00       0.00       0.00       1.00       0.00 
      0.00       0.00       0.00       0.00       0.00       0.00       1.00 
Updated trait frequencies:
Trait 0: 1.00
Trait 1: 0.33
Trait 2: 0.33
Trait 3: 0.33
Building final transition matrix with updated trait frequencies
Number of transient states: 7
Number of absorbing states: 1
Initial state new index: 0
Q matrix:
      0.00       0.33       0.33       0.33       0.00       0.00       0.00 
      0.00       0.00       0.00       0.00       0.50       0.50       0.00 
      0.00       0.00       0.00       0.00       0.50       0.00       0.50 
      0.00       0.00       0.00       0.00       0.00       0.50       0.50 
      0.00       0.00       0.00       0.00       0.00       0.00       0.00 
      0.00       0.00       0.00       0.00       0.00       0.00       0.00 
      0.00       0.00       0.00       0.00       0.00       0.00       0.00 
I - Q matrix:
      1.00      -0.33      -0.33      -0.33       0.00       0.00       0.00 
      0.00       1.00       0.00       0.00      -0.50      -0.50       0.00 
      0.00       0.00       1.00       0.00      -0.50       0.00      -0.50 
      0.00       0.00       0.00       1.00       0.00      -0.50      -0.50 
      0.00       0.00       0.00       0.00       1.00       0.00       0.00 
      0.00       0.00       0.00       0.00       0.00       1.00       0.00 
      0.00       0.00       0.00       0.00       0.00       0.00       1.00 
Expected steps: 3.00
Fundamental matrix:
      1.00       0.33       0.33       0.33       0.33       0.33       0.33 
      0.00       1.00       0.00       0.00       0.50       0.50       0.00 
      0.00       0.00       1.00       0.00       0.50       0.00       0.50 
      0.00       0.00       0.00       1.00       0.00       0.50       0.50 
      0.00       0.00       0.00       0.00       1.00       0.00       0.00 
      0.00       0.00       0.00       0.00       0.00       1.00       0.00 
      0.00       0.00       0.00       0.00       0.00       0.00       1.00 
Adjacency Matrix:
0111
0000
0000
0000
Strategy:
PrestigeBasedLearning
Alpha:
1.00
Replication:
0
Payoffs:
Trait 0: 0.00
Trait 1: 1.46
Trait 2: 1.46
Trait 3: 1.21
Building initial transition matrix with uniform trait frequencies
Number of transient states: 7
Number of absorbing states: 1
Initial state new index: 0
States:
1000
1100
1010
1001
1110
1101
1011
1111
Initial transition matrix:
      0.00       0.33       0.33       0.33       0.00       0.00       0.00       0.00 
      0.00       0.00       0.00       0.00       0.50       0.50       0.00       0.00 
      0.00       0.00       0.00       0.00       0.50       0.00       0.50       0.00 
      0.00       0.00       0.00       0.00       0.00       0.50       0.50       0.00 
      0.00       0.00       0.00       0.00       0.00       0.00       0.00       1.00 
      0.00       0.00       0.00       0.00       0.00       0.00       0.00       1.00 
      0.00       0.00       0.00       0.00       0.00       0.00       0.00       1.00 
      0.00       0.00       0.00       0.00       0.00       0.00       0.00       1.00 
Q matrix:
      0.00       0.33       0.33       0.33       0.00       0.00       0.00 
      0.00       0.00       0.00       0.00       0.50       0.50       0.00 
      0.00       0.00       0.00       0.00       0.50       0.00       0.50 
      0.00       0.00       0.00       0.00       0.00       0.50       0.50 
      0.00       0.00       0.00       0.00       0.00       0.00       0.00 
      0.00       0.00       0.00       0.00       0.00       0.00       0.00 
      0.00       0.00       0.00       0.00       0.00       0.00       0.00 
I - Q matrix:
      1.00      -0.33      -0.33      -0.33       0.00       0.00       0.00 
      0.00       1.00       0.00       0.00      -0.50      -0.50       0.00 
      0.00       0.00       1.00       0.00      -0.50       0.00      -0.50 
      0.00       0.00       0.00       1.00       0.00      -0.50      -0.50 
      0.00       0.00       0.00       0.00       1.00       0.00       0.00 
      0.00       0.00       0.00       0.00       0.00       1.00       0.00 
      0.00       0.00       0.00       0.00       0.00       0.00       1.00 
Preliminary Fundamental matrix:
      1.00       0.33       0.33       0.33       0.33       0.33       0.33 
      0.00       1.00       0.00       0.00       0.50       0.50       0.00 
      0.00       0.00       1.00       0.00       0.50       0.00       0.50 
      0.00       0.00       0.00       1.00       0.00       0.50       0.50 
      0.00       0.00       0.00       0.00       1.00       0.00       0.00 
      0.00       0.00       0.00       0.00       0.00       1.00       0.00 
      0.00       0.00       0.00       0.00       0.00       0.00       1.00 
Updated trait frequencies:
Trait 0: 1.00
Trait 1: 0.33
Trait 2: 0.33
Trait 3: 0.33
Building final transition matrix with updated trait frequencies
Number of transient states: 7
Number of absorbing states: 1
Initial state new index: 0
Q matrix:
      0.00       0.33       0.33       0.33       0.00       0.00       0.00 
      0.00       0.00       0.00       0.00       0.50       0.50       0.00 
      0.00       0.00       0.00       0.00       0.50       0.00       0.50 
      0.00       0.00       0.00       0.00       0.00       0.50       0.50 
      0.00       0.00       0.00       0.00       0.00       0.00       0.00 
      0.00       0.00       0.00       0.00       0.00       0.00       0.00 
      0.00       0.00       0.00       0.00       0.00       0.00       0.00 
I - Q matrix:
      1.00      -0.33      -0.33      -0.33       0.00       0.00       0.00 
      0.00       1.00       0.00       0.00      -0.50      -0.50       0.00 
      0.00       0.00       1.00       0.00      -0.50       0.00      -0.50 
      0.00       0.00       0.00       1.00       0.00      -0.50      -0.50 
      0.00       0.00       0.00       0.00       1.00       0.00       0.00 
      0.00       0.00       0.00       0.00       0.00       1.00       0.00 
      0.00       0.00       0.00       0.00       0.00       0.00       1.00 
Expected steps: 3.00
Fundamental matrix:
      1.00       0.33       0.33       0.33       0.33       0.33       0.33 
      0.00       1.00       0.00       0.00       0.50       0.50       0.00 
      0.00       0.00       1.00       0.00       0.50       0.00       0.50 
      0.00       0.00       0.00       1.00       0.00       0.50       0.50 
      0.00       0.00       0.00       0.00       1.00       0.00       0.00 
      0.00       0.00       0.00       0.00       0.00       1.00       0.00 
      0.00       0.00       0.00       0.00       0.00       0.00       1.00 
Adjacency Matrix:
0111
0000
0000
0000
Strategy:
ConformityBasedLearning
Alpha:
1.00
Replication:
0
Payoffs:
Trait 0: 0.00
Trait 1: 1.68
Trait 2: 1.14
Trait 3: 1.57
Building initial transition matrix with uniform trait frequencies
Number of transient states: 7
Number of absorbing states: 1
Initial state new index: 0
States:
1000
1100
1010
1001
1110
1101
1011
1111
Initial transition matrix:
      0.00       0.33       0.33       0.33       0.00       0.00       0.00       0.00 
      0.00       0.00       0.00       0.00       0.50       0.50       0.00       0.00 
      0.00       0.00       0.00       0.00       0.50       0.00       0.50       0.00 
      0.00       0.00       0.00       0.00       0.00       0.50       0.50       0.00 
      0.00       0.00       0.00       0.00       0.00       0.00       0.00       1.00 
      0.00       0.00       0.00       0.00       0.00       0.00       0.00       1.00 
      0.00       0.00       0.00       0.00       0.00       0.00       0.00       1.00 
      0.00       0.00       0.00       0.00       0.00       0.00       0.00       1.00 
Q matrix:
      0.00       0.33       0.33       0.33       0.00       0.00       0.00 
      0.00       0.00       0.00       0.00       0.50       0.50       0.00 
      0.00       0.00       0.00       0.00       0.50       0.00       0.50 
      0.00       0.00       0.00       0.00       0.00       0.50       0.50 
      0.00       0.00       0.00       0.00       0.00       0.00       0.00 
      0.00       0.00       0.00       0.00       0.00       0.00       0.00 
      0.00       0.00       0.00       0.00       0.00       0.00       0.00 
I - Q matrix:
      1.00      -0.33      -0.33      -0.33       0.00       0.00       0.00 
      0.00       1.00       0.00       0.00      -0.50      -0.50       0.00 
      0.00       0.00       1.00       0.00      -0.50       0.00      -0.50 
      0.00       0.00       0.00       1.00       0.00      -0.50      -0.50 
      0.00       0.00       0.00       0.00       1.00       0.00       0.00 
      0.00       0.00       0.00       0.00       0.00       1.00       0.00 
      0.00       0.00       0.00       0.00       0.00       0.00       1.00 
Preliminary Fundamental matrix:
      1.00       0.33       0.33       0.33       0.33       0.33       0.33 
      0.00       1.00       0.00       0.00       0.50       0.50       0.00 
      0.00       0.00       1.00       0.00       0.50       0.00       0.50 
      0.00       0.00       0.00       1.00       0.00       0.50       0.50 
      0.00       0.00       0.00       0.00       1.00       0.00       0.00 
      0.00       0.00       0.00       0.00       0.00       1.00       0.00 
      0.00       0.00       0.00       0.00       0.00       0.00       1.00 
Updated trait frequencies:
Trait 0: 1.00
Trait 1: 0.33
Trait 2: 0.33
Trait 3: 0.33
Building final transition matrix with updated trait frequencies
Number of transient states: 7
Number of absorbing states: 1
Initial state new index: 0
Q matrix:
      0.00       0.33       0.33       0.33       0.00       0.00       0.00 
      0.00       0.00       0.00       0.00       0.50       0.50       0.00 
      0.00       0.00       0.00       0.00       0.50       0.00       0.50 
      0.00       0.00       0.00       0.00       0.00       0.50       0.50 
      0.00       0.00       0.00       0.00       0.00       0.00       0.00 
      0.00       0.00       0.00       0.00       0.00       0.00       0.00 
      0.00       0.00       0.00       0.00       0.00       0.00       0.00 
I - Q matrix:
      1.00      -0.33      -0.33      -0.33       0.00       0.00       0.00 
      0.00       1.00       0.00       0.00      -0.50      -0.50       0.00 
      0.00       0.00       1.00       0.00      -0.50       0.00      -0.50 
      0.00       0.00       0.00       1.00       0.00      -0.50      -0.50 
      0.00       0.00       0.00       0.00       1.00       0.00       0.00 
      0.00       0.00       0.00       0.00       0.00       1.00       0.00 
      0.00       0.00       0.00       0.00       0.00       0.00       1.00 
Expected steps: 3.00
Fundamental matrix:
      1.00       0.33       0.33       0.33       0.33       0.33       0.33 
      0.00       1.00       0.00       0.00       0.50       0.50       0.00 
      0.00       0.00       1.00       0.00       0.50       0.00       0.50 
      0.00       0.00       0.00       1.00       0.00       0.50       0.50 
      0.00       0.00       0.00       0.00       1.00       0.00       0.00 
      0.00       0.00       0.00       0.00       0.00       1.00       0.00 
      0.00       0.00       0.00       0.00       0.00       0.00       1.00 
Adjacency Matrix:
0101
0010
0000
0000
Strategy:
RandomLearning
Alpha:
1.00
Replication:
0
Payoffs:
Trait 0: 0.00
Trait 1: 1.31
Trait 2: 2.72
Trait 3: 1.13
Building initial transition matrix with uniform trait frequencies
Number of transient states: 5
Number of absorbing states: 1
Initial state new index: 0
States:
1000
1100
1001
1110
1101
1111
Initial transition matrix:
      0.33       0.33       0.33       0.00       0.00       0.00 
      0.00       0.00       0.00       0.50       0.50       0.00 
      0.00       0.00       0.50       0.00       0.50       0.00 
      0.00       0.00       0.00       0.00       0.00       1.00 
      0.00       0.00       0.00       0.00       0.00       1.00 
      0.00       0.00       0.00       0.00       0.00       1.00 
Q matrix:
      0.33       0.33       0.33       0.00       0.00 
      0.00       0.00       0.00       0.50       0.50 
      0.00       0.00       0.50       0.00       0.50 
      0.00       0.00       0.00       0.00       0.00 
      0.00       0.00       0.00       0.00       0.00 
I - Q matrix:
      0.67      -0.33      -0.33       0.00       0.00 
      0.00       1.00       0.00      -0.50      -0.50 
      0.00       0.00       0.50       0.00      -0.50 
      0.00       0.00       0.00       1.00       0.00 
      0.00       0.00       0.00       0.00       1.00 
Preliminary Fundamental matrix:
      1.50       0.50       1.00       0.25       0.75 
      0.00       1.00       0.00       0.50       0.50 
      0.00       0.00       2.00       0.00       1.00 
      0.00       0.00       0.00       1.00       0.00 
      0.00       0.00       0.00       0.00       1.00 
Updated trait frequencies:
Trait 0: 1.00
Trait 1: 0.43
Trait 2: 0.07
Trait 3: 0.50
Building final transition matrix with updated trait frequencies
Number of transient states: 5
Number of absorbing states: 1
Initial state new index: 0
Q matrix:
      0.07       0.43       0.50       0.00       0.00 
      0.00       0.00       0.00       0.13       0.88 
      0.00       0.00       0.14       0.00       0.86 
      0.00       0.00       0.00       0.00       0.00 
      0.00       0.00       0.00       0.00       0.00 
I - Q matrix:
      0.93      -0.43      -0.50       0.00       0.00 
      0.00       1.00       0.00      -0.13      -0.88 
      0.00       0.00       0.86       0.00      -0.86 
      0.00       0.00       0.00       1.00       0.00 
      0.00       0.00       0.00       0.00       1.00 
Expected steps: 3.17
Fundamental matrix:
      1.08       0.46       0.63       0.06       0.94 
      0.00       1.00       0.00       0.13       0.88 
      0.00       0.00       1.17       0.00       1.00 
      0.00       0.00       0.00       1.00       0.00 
      0.00       0.00       0.00       0.00       1.00 
Adjacency Matrix:
0101
0010
0000
0000
Strategy:
PayoffBasedLearning
Alpha:
1.00
Replication:
0
Payoffs:
Trait 0: 0.00
Trait 1: 1.78
Trait 2: 2.52
Trait 3: 1.15
Building initial transition matrix with uniform trait frequencies
Number of transient states: 5
Number of absorbing states: 1
Initial state new index: 0
States:
1000
1100
1001
1110
1101
1111
Initial transition matrix:
      0.46       0.33       0.21       0.00       0.00       0.00 
      0.00       0.00       0.00       0.69       0.31       0.00 
      0.00       0.00       0.59       0.00       0.41       0.00 
      0.00       0.00       0.00       0.00       0.00       1.00 
      0.00       0.00       0.00       0.00       0.00       1.00 
      0.00       0.00       0.00       0.00       0.00       1.00 
Q matrix:
      0.46       0.33       0.21       0.00       0.00 
      0.00       0.00       0.00       0.69       0.31 
      0.00       0.00       0.59       0.00       0.41 
      0.00       0.00       0.00       0.00       0.00 
      0.00       0.00       0.00       0.00       0.00 
I - Q matrix:
      0.54      -0.33      -0.21       0.00       0.00 
      0.00       1.00       0.00      -0.69      -0.31 
      0.00       0.00       0.41       0.00      -0.41 
      0.00       0.00       0.00       1.00       0.00 
      0.00       0.00       0.00       0.00       1.00 
Preliminary Fundamental matrix:
      1.86       0.61       0.95       0.42       0.58 
      0.00       1.00       0.00       0.69       0.31 
      0.00       0.00       2.41       0.00       1.00 
      0.00       0.00       0.00       1.00       0.00 
      0.00       0.00       0.00       0.00       1.00 
Updated trait frequencies:
Trait 0: 1.00
Trait 1: 0.45
Trait 2: 0.12
Trait 3: 0.43
Building final transition matrix with updated trait frequencies
Number of transient states: 5
Number of absorbing states: 1
Initial state new index: 0
Q matrix:
      0.18       0.50       0.31       0.00       0.00 
      0.00       0.00       0.00       0.37       0.63 
      0.00       0.00       0.27       0.00       0.73 
      0.00       0.00       0.00       0.00       0.00 
      0.00       0.00       0.00       0.00       0.00 
I - Q matrix:
      0.82      -0.50      -0.31       0.00       0.00 
      0.00       1.00       0.00      -0.37      -0.63 
      0.00       0.00       0.73       0.00      -0.73 
      0.00       0.00       0.00       1.00       0.00 
      0.00       0.00       0.00       0.00       1.00 
Expected steps: 3.37
Fundamental matrix:
      1.23       0.62       0.52       0.23       0.77 
      0.00       1.00       0.00       0.37       0.63 
      0.00       0.00       1.37       0.00       1.00 
      0.00       0.00       0.00       1.00       0.00 
      0.00       0.00       0.00       0.00       1.00 
Adjacency Matrix:
0101
0010
0000
0000
Strategy:
ProximalLearning
Alpha:
1.00
Replication:
0
Payoffs:
Trait 0: 0.00
Trait 1: 1.13
Trait 2: 2.54
Trait 3: 1.54
Building initial transition matrix with uniform trait frequencies
Number of transient states: 5
Number of absorbing states: 1
Initial state new index: 0
States:
1000
1100
1001
1110
1101
1111
Initial transition matrix:
      0.33       0.33       0.33       0.00       0.00       0.00 
      0.00       0.00       0.00       0.50       0.50       0.00 
      0.00       0.00       0.50       0.00       0.50       0.00 
      0.00       0.00       0.00       0.00       0.00       1.00 
      0.00       0.00       0.00       0.00       0.00       1.00 
      0.00       0.00       0.00       0.00       0.00       1.00 
Q matrix:
      0.33       0.33       0.33       0.00       0.00 
      0.00       0.00       0.00       0.50       0.50 
      0.00       0.00       0.50       0.00       0.50 
      0.00       0.00       0.00       0.00       0.00 
      0.00       0.00       0.00       0.00       0.00 
I - Q matrix:
      0.67      -0.33      -0.33       0.00       0.00 
      0.00       1.00       0.00      -0.50      -0.50 
      0.00       0.00       0.50       0.00      -0.50 
      0.00       0.00       0.00       1.00       0.00 
      0.00       0.00       0.00       0.00       1.00 
Preliminary Fundamental matrix:
      1.50       0.50       1.00       0.25       0.75 
      0.00       1.00       0.00       0.50       0.50 
      0.00       0.00       2.00       0.00       1.00 
      0.00       0.00       0.00       1.00       0.00 
      0.00       0.00       0.00       0.00       1.00 
Updated trait frequencies:
Trait 0: 1.00
Trait 1: 0.43
Trait 2: 0.07
Trait 3: 0.50
Building final transition matrix with updated trait frequencies
Number of transient states: 5
Number of absorbing states: 1
Initial state new index: 0
Q matrix:
      0.01       0.44       0.55       0.00       0.00 
      0.00       0.00       0.00       0.09       0.91 
      0.00       0.00       0.04       0.00       0.96 
      0.00       0.00       0.00       0.00       0.00 
      0.00       0.00       0.00       0.00       0.00 
I - Q matrix:
      0.99      -0.44      -0.55       0.00       0.00 
      0.00       1.00       0.00      -0.09      -0.91 
      0.00       0.00       0.96       0.00      -0.96 
      0.00       0.00       0.00       1.00       0.00 
      0.00       0.00       0.00       0.00       1.00 
Expected steps: 3.03
Fundamental matrix:
      1.01       0.45       0.58       0.04       0.96 
      0.00       1.00       0.00       0.09       0.91 
      0.00       0.00       1.04       0.00       1.00 
      0.00       0.00       0.00       1.00       0.00 
      0.00       0.00       0.00       0.00       1.00 
Adjacency Matrix:
0101
0010
0000
0000
Strategy:
PrestigeBasedLearning
Alpha:
1.00
Replication:
0
Payoffs:
Trait 0: 0.00
Trait 1: 1.35
Trait 2: 2.13
Trait 3: 1.44
Building initial transition matrix with uniform trait frequencies
Number of transient states: 5
Number of absorbing states: 1
Initial state new index: 0
States:
1000
1100
1001
1110
1101
1111
Initial transition matrix:
      0.33       0.33       0.33       0.00       0.00       0.00 
      0.00       0.00       0.00       0.50       0.50       0.00 
      0.00       0.00       0.50       0.00       0.50       0.00 
      0.00       0.00       0.00       0.00       0.00       1.00 
      0.00       0.00       0.00       0.00       0.00       1.00 
      0.00       0.00       0.00       0.00       0.00       1.00 
Q matrix:
      0.33       0.33       0.33       0.00       0.00 
      0.00       0.00       0.00       0.50       0.50 
      0.00       0.00       0.50       0.00       0.50 
      0.00       0.00       0.00       0.00       0.00 
      0.00       0.00       0.00       0.00       0.00 
I - Q matrix:
      0.67      -0.33      -0.33       0.00       0.00 
      0.00       1.00       0.00      -0.50      -0.50 
      0.00       0.00       0.50       0.00      -0.50 
      0.00       0.00       0.00       1.00       0.00 
      0.00       0.00       0.00       0.00       1.00 
Preliminary Fundamental matrix:
      1.50       0.50       1.00       0.25       0.75 
      0.00       1.00       0.00       0.50       0.50 
      0.00       0.00       2.00       0.00       1.00 
      0.00       0.00       0.00       1.00       0.00 
      0.00       0.00       0.00       0.00       1.00 
Updated trait frequencies:
Trait 0: 1.00
Trait 1: 0.43
Trait 2: 0.07
Trait 3: 0.50
Building final transition matrix with updated trait frequencies
Number of transient states: 5
Number of absorbing states: 1
Initial state new index: 0
Q matrix:
      0.04       0.45       0.51       0.00       0.00 
      0.00       0.00       0.00       0.13       0.88 
      0.00       0.00       0.12       0.00       0.88 
      0.00       0.00       0.00       0.00       0.00 
      0.00       0.00       0.00       0.00       0.00 
I - Q matrix:
      0.96      -0.45      -0.51       0.00       0.00 
      0.00       1.00       0.00      -0.13      -0.88 
      0.00       0.00       0.88       0.00      -0.88 
      0.00       0.00       0.00       1.00       0.00 
      0.00       0.00       0.00       0.00       1.00 
Expected steps: 3.11
Fundamental matrix:
      1.04       0.47       0.60       0.06       0.94 
      0.00       1.00       0.00       0.13       0.88 
      0.00       0.00       1.13       0.00       1.00 
      0.00       0.00       0.00       1.00       0.00 
      0.00       0.00       0.00       0.00       1.00 
Adjacency Matrix:
0101
0010
0000
0000
Strategy:
ConformityBasedLearning
Alpha:
1.00
Replication:
0
Payoffs:
Trait 0: 0.00
Trait 1: 1.64
Trait 2: 3.00
Trait 3: 1.90
Building initial transition matrix with uniform trait frequencies
Number of transient states: 5
Number of absorbing states: 1
Initial state new index: 0
States:
1000
1100
1001
1110
1101
1111
Initial transition matrix:
      0.33       0.33       0.33       0.00       0.00       0.00 
      0.00       0.00       0.00       0.50       0.50       0.00 
      0.00       0.00       0.50       0.00       0.50       0.00 
      0.00       0.00       0.00       0.00       0.00       1.00 
      0.00       0.00       0.00       0.00       0.00       1.00 
      0.00       0.00       0.00       0.00       0.00       1.00 
Q matrix:
      0.33       0.33       0.33       0.00       0.00 
      0.00       0.00       0.00       0.50       0.50 
      0.00       0.00       0.50       0.00       0.50 
      0.00       0.00       0.00       0.00       0.00 
      0.00       0.00       0.00       0.00       0.00 
I - Q matrix:
      0.67      -0.33      -0.33       0.00       0.00 
      0.00       1.00       0.00      -0.50      -0.50 
      0.00       0.00       0.50       0.00      -0.50 
      0.00       0.00       0.00       1.00       0.00 
      0.00       0.00       0.00       0.00       1.00 
Preliminary Fundamental matrix:
      1.50       0.50       1.00       0.25       0.75 
      0.00       1.00       0.00       0.50       0.50 
      0.00       0.00       2.00       0.00       1.00 
      0.00       0.00       0.00       1.00       0.00 
      0.00       0.00       0.00       0.00       1.00 
Updated trait frequencies:
Trait 0: 1.00
Trait 1: 0.43
Trait 2: 0.07
Trait 3: 0.50
Building final transition matrix with updated trait frequencies
Number of transient states: 5
Number of absorbing states: 1
Initial state new index: 0
Q matrix:
      0.02       0.45       0.53       0.00       0.00 
      0.00       0.00       0.00       0.10       0.90 
      0.00       0.00       0.07       0.00       0.93 
      0.00       0.00       0.00       0.00       0.00 
      0.00       0.00       0.00       0.00       0.00 
I - Q matrix:
      0.98      -0.45      -0.53       0.00       0.00 
      0.00       1.00       0.00      -0.10      -0.90 
      0.00       0.00       0.93       0.00      -0.93 
      0.00       0.00       0.00       1.00       0.00 
      0.00       0.00       0.00       0.00       1.00 
Expected steps: 3.06
Fundamental matrix:
      1.02       0.46       0.58       0.05       0.95 
      0.00       1.00       0.00       0.10       0.90 
      0.00       0.00       1.07       0.00       1.00 
      0.00       0.00       0.00       1.00       0.00 
      0.00       0.00       0.00       0.00       1.00 
Adjacency Matrix:
0110
0001
0000
0000
Strategy:
RandomLearning
Alpha:
1.00
Replication:
0
Payoffs:
Trait 0: 0.00
Trait 1: 1.80
Trait 2: 1.65
Trait 3: 2.25
Building initial transition matrix with uniform trait frequencies
Number of transient states: 5
Number of absorbing states: 1
Initial state new index: 0
States:
1000
1100
1010
1110
1101
1111
Initial transition matrix:
      0.33       0.33       0.33       0.00       0.00       0.00 
      0.00       0.00       0.00       0.50       0.50       0.00 
      0.00       0.00       0.50       0.50       0.00       0.00 
      0.00       0.00       0.00       0.00       0.00       1.00 
      0.00       0.00       0.00       0.00       0.00       1.00 
      0.00       0.00       0.00       0.00       0.00       1.00 
Q matrix:
      0.33       0.33       0.33       0.00       0.00 
      0.00       0.00       0.00       0.50       0.50 
      0.00       0.00       0.50       0.50       0.00 
      0.00       0.00       0.00       0.00       0.00 
      0.00       0.00       0.00       0.00       0.00 
I - Q matrix:
      0.67      -0.33      -0.33       0.00       0.00 
      0.00       1.00       0.00      -0.50      -0.50 
      0.00       0.00       0.50      -0.50       0.00 
      0.00       0.00       0.00       1.00       0.00 
      0.00       0.00       0.00       0.00       1.00 
Preliminary Fundamental matrix:
      1.50       0.50       1.00       0.75       0.25 
      0.00       1.00       0.00       0.50       0.50 
      0.00       0.00       2.00       1.00       0.00 
      0.00       0.00       0.00       1.00       0.00 
      0.00       0.00       0.00       0.00       1.00 
Updated trait frequencies:
Trait 0: 1.00
Trait 1: 0.43
Trait 2: 0.50
Trait 3: 0.07
Building final transition matrix with updated trait frequencies
Number of transient states: 5
Number of absorbing states: 1
Initial state new index: 0
Q matrix:
      0.07       0.43       0.50       0.00       0.00 
      0.00       0.00       0.00       0.88       0.12 
      0.00       0.00       0.14       0.86       0.00 
      0.00       0.00       0.00       0.00       0.00 
      0.00       0.00       0.00       0.00       0.00 
I - Q matrix:
      0.93      -0.43      -0.50       0.00       0.00 
      0.00       1.00       0.00      -0.88      -0.12 
      0.00       0.00       0.86      -0.86       0.00 
      0.00       0.00       0.00       1.00       0.00 
      0.00       0.00       0.00       0.00       1.00 
Expected steps: 3.17
Fundamental matrix:
      1.08       0.46       0.63       0.94       0.06 
      0.00       1.00       0.00       0.88       0.12 
      0.00       0.00       1.17       1.00       0.00 
      0.00       0.00       0.00       1.00       0.00 
      0.00       0.00       0.00       0.00       1.00 
Adjacency Matrix:
0110
0001
0000
0000
Strategy:
PayoffBasedLearning
Alpha:
1.00
Replication:
0
Payoffs:
Trait 0: 0.00
Trait 1: 1.74
Trait 2: 1.43
Trait 3: 2.73
Building initial transition matrix with uniform trait frequencies
Number of transient states: 5
Number of absorbing states: 1
Initial state new index: 0
States:
1000
1100
1010
1110
1101
1111
Initial transition matrix:
      0.46       0.29       0.24       0.00       0.00       0.00 
      0.00       0.00       0.00       0.34       0.66       0.00 
      0.00       0.00       0.61       0.39       0.00       0.00 
      0.00       0.00       0.00       0.00       0.00       1.00 
      0.00       0.00       0.00       0.00       0.00       1.00 
      0.00       0.00       0.00       0.00       0.00       1.00 
Q matrix:
      0.46       0.29       0.24       0.00       0.00 
      0.00       0.00       0.00       0.34       0.66 
      0.00       0.00       0.61       0.39       0.00 
      0.00       0.00       0.00       0.00       0.00 
      0.00       0.00       0.00       0.00       0.00 
I - Q matrix:
      0.54      -0.29      -0.24       0.00       0.00 
      0.00       1.00       0.00      -0.34      -0.66 
      0.00       0.00       0.39      -0.39       0.00 
      0.00       0.00       0.00       1.00       0.00 
      0.00       0.00       0.00       0.00       1.00 
Preliminary Fundamental matrix:
      1.86       0.55       1.16       0.64       0.36 
      0.00       1.00       0.00       0.34       0.66 
      0.00       0.00       2.57       1.00       0.00 
      0.00       0.00       0.00       1.00       0.00 
      0.00       0.00       0.00       0.00       1.00 
Updated trait frequencies:
Trait 0: 1.00
Trait 1: 0.42
Trait 2: 0.48
Trait 3: 0.10
Building final transition matrix with updated trait frequencies
Number of transient states: 5
Number of absorbing states: 1
Initial state new index: 0
Q matrix:
      0.16       0.43       0.41       0.00       0.00 
      0.00       0.00       0.00       0.72       0.28 
      0.00       0.00       0.27       0.73       0.00 
      0.00       0.00       0.00       0.00       0.00 
      0.00       0.00       0.00       0.00       0.00 
I - Q matrix:
      0.84      -0.43      -0.41       0.00       0.00 
      0.00       1.00       0.00      -0.72      -0.28 
      0.00       0.00       0.73      -0.73       0.00 
      0.00       0.00       0.00       1.00       0.00 
      0.00       0.00       0.00       0.00       1.00 
Expected steps: 3.37
Fundamental matrix:
      1.19       0.51       0.67       0.86       0.14 
      0.00       1.00       0.00       0.72       0.28 
      0.00       0.00       1.37       1.00       0.00 
      0.00       0.00       0.00       1.00       0.00 
      0.00       0.00       0.00       0.00       1.00 
Adjacency Matrix:
0110
0001
0000
0000
Strategy:
ProximalLearning
Alpha:
1.00
Replication:
0
Payoffs:
Trait 0: 0.00
Trait 1: 1.72
Trait 2: 1.15
Trait 3: 2.42
Building initial transition matrix with uniform trait frequencies
Number of transient states: 5
Number of absorbing states: 1
Initial state new index: 0
States:
1000
1100
1010
1110
1101
1111
Initial transition matrix:
      0.33       0.33       0.33       0.00       0.00       0.00 
      0.00       0.00       0.00       0.50       0.50       0.00 
      0.00       0.00       0.50       0.50       0.00       0.00 
      0.00       0.00       0.00       0.00       0.00       1.00 
      0.00       0.00       0.00       0.00       0.00       1.00 
      0.00       0.00       0.00       0.00       0.00       1.00 
Q matrix:
      0.33       0.33       0.33       0.00       0.00 
      0.00       0.00       0.00       0.50       0.50 
      0.00       0.00       0.50       0.50       0.00 
      0.00       0.00       0.00       0.00       0.00 
      0.00       0.00       0.00       0.00       0.00 
I - Q matrix:
      0.67      -0.33      -0.33       0.00       0.00 
      0.00       1.00       0.00      -0.50      -0.50 
      0.00       0.00       0.50      -0.50       0.00 
      0.00       0.00       0.00       1.00       0.00 
      0.00       0.00       0.00       0.00       1.00 
Preliminary Fundamental matrix:
      1.50       0.50       1.00       0.75       0.25 
      0.00       1.00       0.00       0.50       0.50 
      0.00       0.00       2.00       1.00       0.00 
      0.00       0.00       0.00       1.00       0.00 
      0.00       0.00       0.00       0.00       1.00 
Updated trait frequencies:
Trait 0: 1.00
Trait 1: 0.43
Trait 2: 0.50
Trait 3: 0.07
Building final transition matrix with updated trait frequencies
Number of transient states: 5
Number of absorbing states: 1
Initial state new index: 0
Q matrix:
      0.01       0.44       0.55       0.00       0.00 
      0.00       0.00       0.00       0.91       0.09 
      0.00       0.00       0.04       0.96       0.00 
      0.00       0.00       0.00       0.00       0.00 
      0.00       0.00       0.00       0.00       0.00 
I - Q matrix:
      0.99      -0.44      -0.55       0.00       0.00 
      0.00       1.00       0.00      -0.91      -0.09 
      0.00       0.00       0.96      -0.96       0.00 
      0.00       0.00       0.00       1.00       0.00 
      0.00       0.00       0.00       0.00       1.00 
Expected steps: 3.03
Fundamental matrix:
      1.01       0.45       0.58       0.96       0.04 
      0.00       1.00       0.00       0.91       0.09 
      0.00       0.00       1.04       1.00       0.00 
      0.00       0.00       0.00       1.00       0.00 
      0.00       0.00       0.00       0.00       1.00 
Adjacency Matrix:
0110
0001
0000
0000
Strategy:
PrestigeBasedLearning
Alpha:
1.00
Replication:
0
Payoffs:
Trait 0: 0.00
Trait 1: 1.35
Trait 2: 1.61
Trait 3: 2.63
Building initial transition matrix with uniform trait frequencies
Number of transient states: 5
Number of absorbing states: 1
Initial state new index: 0
States:
1000
1100
1010
1110
1101
1111
Initial transition matrix:
      0.33       0.33       0.33       0.00       0.00       0.00 
      0.00       0.00       0.00       0.50       0.50       0.00 
      0.00       0.00       0.50       0.50       0.00       0.00 
      0.00       0.00       0.00       0.00       0.00       1.00 
      0.00       0.00       0.00       0.00       0.00       1.00 
      0.00       0.00       0.00       0.00       0.00       1.00 
Q matrix:
      0.33       0.33       0.33       0.00       0.00 
      0.00       0.00       0.00       0.50       0.50 
      0.00       0.00       0.50       0.50       0.00 
      0.00       0.00       0.00       0.00       0.00 
      0.00       0.00       0.00       0.00       0.00 
I - Q matrix:
      0.67      -0.33      -0.33       0.00       0.00 
      0.00       1.00       0.00      -0.50      -0.50 
      0.00       0.00       0.50      -0.50       0.00 
      0.00       0.00       0.00       1.00       0.00 
      0.00       0.00       0.00       0.00       1.00 
Preliminary Fundamental matrix:
      1.50       0.50       1.00       0.75       0.25 
      0.00       1.00       0.00       0.50       0.50 
      0.00       0.00       2.00       1.00       0.00 
      0.00       0.00       0.00       1.00       0.00 
      0.00       0.00       0.00       0.00       1.00 
Updated trait frequencies:
Trait 0: 1.00
Trait 1: 0.43
Trait 2: 0.50
Trait 3: 0.07
Building final transition matrix with updated trait frequencies
Number of transient states: 5
Number of absorbing states: 1
Initial state new index: 0
Q matrix:
      0.04       0.45       0.51       0.00       0.00 
      0.00       0.00       0.00       0.88       0.12 
      0.00       0.00       0.12       0.88       0.00 
      0.00       0.00       0.00       0.00       0.00 
      0.00       0.00       0.00       0.00       0.00 
I - Q matrix:
      0.96      -0.45      -0.51       0.00       0.00 
      0.00       1.00       0.00      -0.88      -0.12 
      0.00       0.00       0.88      -0.88       0.00 
      0.00       0.00       0.00       1.00       0.00 
      0.00       0.00       0.00       0.00       1.00 
Expected steps: 3.11
Fundamental matrix:
      1.04       0.47       0.60       0.94       0.06 
      0.00       1.00       0.00       0.88       0.12 
      0.00       0.00       1.13       1.00       0.00 
      0.00       0.00       0.00       1.00       0.00 
      0.00       0.00       0.00       0.00       1.00 
Adjacency Matrix:
0110
0001
0000
0000
Strategy:
ConformityBasedLearning
Alpha:
1.00
Replication:
0
Payoffs:
Trait 0: 0.00
Trait 1: 1.81
Trait 2: 1.86
Trait 3: 2.85
Building initial transition matrix with uniform trait frequencies
Number of transient states: 5
Number of absorbing states: 1
Initial state new index: 0
States:
1000
1100
1010
1110
1101
1111
Initial transition matrix:
      0.33       0.33       0.33       0.00       0.00       0.00 
      0.00       0.00       0.00       0.50       0.50       0.00 
      0.00       0.00       0.50       0.50       0.00       0.00 
      0.00       0.00       0.00       0.00       0.00       1.00 
      0.00       0.00       0.00       0.00       0.00       1.00 
      0.00       0.00       0.00       0.00       0.00       1.00 
Q matrix:
      0.33       0.33       0.33       0.00       0.00 
      0.00       0.00       0.00       0.50       0.50 
      0.00       0.00       0.50       0.50       0.00 
      0.00       0.00       0.00       0.00       0.00 
      0.00       0.00       0.00       0.00       0.00 
I - Q matrix:
      0.67      -0.33      -0.33       0.00       0.00 
      0.00       1.00       0.00      -0.50      -0.50 
      0.00       0.00       0.50      -0.50       0.00 
      0.00       0.00       0.00       1.00       0.00 
      0.00       0.00       0.00       0.00       1.00 
Preliminary Fundamental matrix:
      1.50       0.50       1.00       0.75       0.25 
      0.00       1.00       0.00       0.50       0.50 
      0.00       0.00       2.00       1.00       0.00 
      0.00       0.00       0.00       1.00       0.00 
      0.00       0.00       0.00       0.00       1.00 
Updated trait frequencies:
Trait 0: 1.00
Trait 1: 0.43
Trait 2: 0.50
Trait 3: 0.07
Building final transition matrix with updated trait frequencies
Number of transient states: 5
Number of absorbing states: 1
Initial state new index: 0
Q matrix:
      0.02       0.45       0.53       0.00       0.00 
      0.00       0.00       0.00       0.90       0.10 
      0.00       0.00       0.07       0.93       0.00 
      0.00       0.00       0.00       0.00       0.00 
      0.00       0.00       0.00       0.00       0.00 
I - Q matrix:
      0.98      -0.45      -0.53       0.00       0.00 
      0.00       1.00       0.00      -0.90      -0.10 
      0.00       0.00       0.93      -0.93       0.00 
      0.00       0.00       0.00       1.00       0.00 
      0.00       0.00       0.00       0.00       1.00 
Expected steps: 3.06
Fundamental matrix:
      1.02       0.46       0.58       0.95       0.05 
      0.00       1.00       0.00       0.90       0.10 
      0.00       0.00       1.07       1.00       0.00 
      0.00       0.00       0.00       1.00       0.00 
      0.00       0.00       0.00       0.00       1.00 
Adjacency Matrix:
0100
0011
0000
0000
Strategy:
RandomLearning
Alpha:
1.00
Replication:
0
Payoffs:
Trait 0: 0.00
Trait 1: 1.54
Trait 2: 2.81
Trait 3: 2.65
Building initial transition matrix with uniform trait frequencies
Number of transient states: 4
Number of absorbing states: 1
Initial state new index: 0
States:
1000
1100
1110
1101
1111
Initial transition matrix:
      0.67       0.33       0.00       0.00       0.00 
      0.00       0.00       0.50       0.50       0.00 
      0.00       0.00       0.00       0.00       1.00 
      0.00       0.00       0.00       0.00       1.00 
      0.00       0.00       0.00       0.00       1.00 
Q matrix:
      0.67       0.33       0.00       0.00 
      0.00       0.00       0.50       0.50 
      0.00       0.00       0.00       0.00 
      0.00       0.00       0.00       0.00 
I - Q matrix:
      0.33      -0.33       0.00       0.00 
      0.00       1.00      -0.50      -0.50 
      0.00       0.00       1.00       0.00 
      0.00       0.00       0.00       1.00 
Preliminary Fundamental matrix:
      3.00       1.00       0.50       0.50 
      0.00       1.00       0.50       0.50 
      0.00       0.00       1.00       0.00 
      0.00       0.00       0.00       1.00 
Updated trait frequencies:
Trait 0: 1.00
Trait 1: 0.67
Trait 2: 0.17
Trait 3: 0.17
Building final transition matrix with updated trait frequencies
Number of transient states: 4
Number of absorbing states: 1
Initial state new index: 0
Q matrix:
      0.33       0.67       0.00       0.00 
      0.00       0.00       0.50       0.50 
      0.00       0.00       0.00       0.00 
      0.00       0.00       0.00       0.00 
I - Q matrix:
      0.67      -0.67       0.00       0.00 
      0.00       1.00      -0.50      -0.50 
      0.00       0.00       1.00       0.00 
      0.00       0.00       0.00       1.00 
Expected steps: 3.50
Fundamental matrix:
      1.50       1.00       0.50       0.50 
      0.00       1.00       0.50       0.50 
      0.00       0.00       1.00       0.00 
      0.00       0.00       0.00       1.00 
Adjacency Matrix:
0100
0011
0000
0000
Strategy:
PayoffBasedLearning
Alpha:
1.00
Replication:
0
Payoffs:
Trait 0: 0.00
Trait 1: 1.29
Trait 2: 2.58
Trait 3: 2.43
Building initial transition matrix with uniform trait frequencies
Number of transient states: 4
Number of absorbing states: 1
Initial state new index: 0
States:
1000
1100
1110
1101
1111
Initial transition matrix:
      0.80       0.20       0.00       0.00       0.00 
      0.00       0.00       0.51       0.49       0.00 
      0.00       0.00       0.00       0.00       1.00 
      0.00       0.00       0.00       0.00       1.00 
      0.00       0.00       0.00       0.00       1.00 
Q matrix:
      0.80       0.20       0.00       0.00 
      0.00       0.00       0.51       0.49 
      0.00       0.00       0.00       0.00 
      0.00       0.00       0.00       0.00 
I - Q matrix:
      0.20      -0.20       0.00       0.00 
      0.00       1.00      -0.51      -0.49 
      0.00       0.00       1.00       0.00 
      0.00       0.00       0.00       1.00 
Preliminary Fundamental matrix:
      4.90       1.00       0.51       0.49 
      0.00       1.00       0.51       0.49 
      0.00       0.00       1.00       0.00 
      0.00       0.00       0.00       1.00 
Updated trait frequencies:
Trait 0: 1.00
Trait 1: 0.67
Trait 2: 0.17
Trait 3: 0.16
Building final transition matrix with updated trait frequencies
Number of transient states: 4
Number of absorbing states: 1
Initial state new index: 0
Q matrix:
      0.49       0.51       0.00       0.00 
      0.00       0.00       0.53       0.47 
      0.00       0.00       0.00       0.00 
      0.00       0.00       0.00       0.00 
I - Q matrix:
      0.51      -0.51       0.00       0.00 
      0.00       1.00      -0.53      -0.47 
      0.00       0.00       1.00       0.00 
      0.00       0.00       0.00       1.00 
Expected steps: 3.97
Fundamental matrix:
      1.97       1.00       0.53       0.47 
      0.00       1.00       0.53       0.47 
      0.00       0.00       1.00       0.00 
      0.00       0.00       0.00       1.00 
Adjacency Matrix:
0100
0011
0000
0000
Strategy:
ProximalLearning
Alpha:
1.00
Replication:
0
Payoffs:
Trait 0: 0.00
Trait 1: 1.60
Trait 2: 2.25
Trait 3: 2.24
Building initial transition matrix with uniform trait frequencies
Number of transient states: 4
Number of absorbing states: 1
Initial state new index: 0
States:
1000
1100
1110
1101
1111
Initial transition matrix:
      0.67       0.33       0.00       0.00       0.00 
      0.00       0.00       0.50       0.50       0.00 
      0.00       0.00       0.00       0.00       1.00 
      0.00       0.00       0.00       0.00       1.00 
      0.00       0.00       0.00       0.00       1.00 
Q matrix:
      0.67       0.33       0.00       0.00 
      0.00       0.00       0.50       0.50 
      0.00       0.00       0.00       0.00 
      0.00       0.00       0.00       0.00 
I - Q matrix:
      0.33      -0.33       0.00       0.00 
      0.00       1.00      -0.50      -0.50 
      0.00       0.00       1.00       0.00 
      0.00       0.00       0.00       1.00 
Preliminary Fundamental matrix:
      3.00       1.00       0.50       0.50 
      0.00       1.00       0.50       0.50 
      0.00       0.00       1.00       0.00 
      0.00       0.00       0.00       1.00 
Updated trait frequencies:
Trait 0: 1.00
Trait 1: 0.67
Trait 2: 0.17
Trait 3: 0.17
Building final transition matrix with updated trait frequencies
Number of transient states: 4
Number of absorbing states: 1
Initial state new index: 0
Q matrix:
      0.09       0.91       0.00       0.00 
      0.00       0.00       0.50       0.50 
      0.00       0.00       0.00       0.00 
      0.00       0.00       0.00       0.00 
I - Q matrix:
      0.91      -0.91       0.00       0.00 
      0.00       1.00      -0.50      -0.50 
      0.00       0.00       1.00       0.00 
      0.00       0.00       0.00       1.00 
Expected steps: 3.10
Fundamental matrix:
      1.10       1.00       0.50       0.50 
      0.00       1.00       0.50       0.50 
      0.00       0.00       1.00       0.00 
      0.00       0.00       0.00       1.00 
Adjacency Matrix:
0100
0011
0000
0000
Strategy:
PrestigeBasedLearning
Alpha:
1.00
Replication:
0
Payoffs:
Trait 0: 0.00
Trait 1: 1.41
Trait 2: 2.94
Trait 3: 2.93
Building initial transition matrix with uniform trait frequencies
Number of transient states: 4
Number of absorbing states: 1
Initial state new index: 0
States:
1000
1100
1110
1101
1111
Initial transition matrix:
      0.67       0.33       0.00       0.00       0.00 
      0.00       0.00       0.50       0.50       0.00 
      0.00       0.00       0.00       0.00       1.00 
      0.00       0.00       0.00       0.00       1.00 
      0.00       0.00       0.00       0.00       1.00 
Q matrix:
      0.67       0.33       0.00       0.00 
      0.00       0.00       0.50       0.50 
      0.00       0.00       0.00       0.00 
      0.00       0.00       0.00       0.00 
I - Q matrix:
      0.33      -0.33       0.00       0.00 
      0.00       1.00      -0.50      -0.50 
      0.00       0.00       1.00       0.00 
      0.00       0.00       0.00       1.00 
Preliminary Fundamental matrix:
      3.00       1.00       0.50       0.50 
      0.00       1.00       0.50       0.50 
      0.00       0.00       1.00       0.00 
      0.00       0.00       0.00       1.00 
Updated trait frequencies:
Trait 0: 1.00
Trait 1: 0.67
Trait 2: 0.17
Trait 3: 0.17
Building final transition matrix with updated trait frequencies
Number of transient states: 4
Number of absorbing states: 1
Initial state new index: 0
Q matrix:
      0.26       0.74       0.00       0.00 
      0.00       0.00       0.50       0.50 
      0.00       0.00       0.00       0.00 
      0.00       0.00       0.00       0.00 
I - Q matrix:
      0.74      -0.74       0.00       0.00 
      0.00       1.00      -0.50      -0.50 
      0.00       0.00       1.00       0.00 
      0.00       0.00       0.00       1.00 
Expected steps: 3.35
Fundamental matrix:
      1.35       1.00       0.50       0.50 
      0.00       1.00       0.50       0.50 
      0.00       0.00       1.00       0.00 
      0.00       0.00       0.00       1.00 
Adjacency Matrix:
0100
0011
0000
0000
Strategy:
ConformityBasedLearning
Alpha:
1.00
Replication:
0
Payoffs:
Trait 0: 0.00
Trait 1: 1.20
Trait 2: 2.40
Trait 3: 2.69
Building initial transition matrix with uniform trait frequencies
Number of transient states: 4
Number of absorbing states: 1
Initial state new index: 0
States:
1000
1100
1110
1101
1111
Initial transition matrix:
      0.67       0.33       0.00       0.00       0.00 
      0.00       0.00       0.50       0.50       0.00 
      0.00       0.00       0.00       0.00       1.00 
      0.00       0.00       0.00       0.00       1.00 
      0.00       0.00       0.00       0.00       1.00 
Q matrix:
      0.67       0.33       0.00       0.00 
      0.00       0.00       0.50       0.50 
      0.00       0.00       0.00       0.00 
      0.00       0.00       0.00       0.00 
I - Q matrix:
      0.33      -0.33       0.00       0.00 
      0.00       1.00      -0.50      -0.50 
      0.00       0.00       1.00       0.00 
      0.00       0.00       0.00       1.00 
Preliminary Fundamental matrix:
      3.00       1.00       0.50       0.50 
      0.00       1.00       0.50       0.50 
      0.00       0.00       1.00       0.00 
      0.00       0.00       0.00       1.00 
Updated trait frequencies:
Trait 0: 1.00
Trait 1: 0.67
Trait 2: 0.17
Trait 3: 0.17
Building final transition matrix with updated trait frequencies
Number of transient states: 4
Number of absorbing states: 1
Initial state new index: 0
Q matrix:
      0.16       0.84       0.00       0.00 
      0.00       0.00       0.50       0.50 
      0.00       0.00       0.00       0.00 
      0.00       0.00       0.00       0.00 
I - Q matrix:
      0.84      -0.84       0.00       0.00 
      0.00       1.00      -0.50      -0.50 
      0.00       0.00       1.00       0.00 
      0.00       0.00       0.00       1.00 
Expected steps: 3.19
Fundamental matrix:
      1.19       1.00       0.50       0.50 
      0.00       1.00       0.50       0.50 
      0.00       0.00       1.00       0.00 
      0.00       0.00       0.00       1.00 
Adjacency Matrix:
0110
0000
0001
0000
Strategy:
RandomLearning
Alpha:
1.00
Replication:
0
Payoffs:
Trait 0: 0.00
Trait 1: 1.61
Trait 2: 1.63
Trait 3: 2.06
Building initial transition matrix with uniform trait frequencies
Number of transient states: 5
Number of absorbing states: 1
Initial state new index: 0
States:
1000
1100
1010
1110
1011
1111
Initial transition matrix:
      0.33       0.33       0.33       0.00       0.00       0.00 
      0.00       0.50       0.00       0.50       0.00       0.00 
      0.00       0.00       0.00       0.50       0.50       0.00 
      0.00       0.00       0.00       0.00       0.00       1.00 
      0.00       0.00       0.00       0.00       0.00       1.00 
      0.00       0.00       0.00       0.00       0.00       1.00 
Q matrix:
      0.33       0.33       0.33       0.00       0.00 
      0.00       0.50       0.00       0.50       0.00 
      0.00       0.00       0.00       0.50       0.50 
      0.00       0.00       0.00       0.00       0.00 
      0.00       0.00       0.00       0.00       0.00 
I - Q matrix:
      0.67      -0.33      -0.33       0.00       0.00 
      0.00       0.50       0.00      -0.50       0.00 
      0.00       0.00       1.00      -0.50      -0.50 
      0.00       0.00       0.00       1.00       0.00 
      0.00       0.00       0.00       0.00       1.00 
Preliminary Fundamental matrix:
      1.50       1.00       0.50       0.75       0.25 
      0.00       2.00       0.00       1.00       0.00 
      0.00       0.00       1.00       0.50       0.50 
      0.00       0.00       0.00       1.00       0.00 
      0.00       0.00       0.00       0.00       1.00 
Updated trait frequencies:
Trait 0: 1.00
Trait 1: 0.50
Trait 2: 0.43
Trait 3: 0.07
Building final transition matrix with updated trait frequencies
Number of transient states: 5
Number of absorbing states: 1
Initial state new index: 0
Q matrix:
      0.07       0.50       0.43       0.00       0.00 
      0.00       0.14       0.00       0.86       0.00 
      0.00       0.00       0.00       0.88       0.12 
      0.00       0.00       0.00       0.00       0.00 
      0.00       0.00       0.00       0.00       0.00 
I - Q matrix:
      0.93      -0.50      -0.43       0.00       0.00 
      0.00       0.86       0.00      -0.86       0.00 
      0.00       0.00       1.00      -0.88      -0.12 
      0.00       0.00       0.00       1.00       0.00 
      0.00       0.00       0.00       0.00       1.00 
Expected steps: 3.17
Fundamental matrix:
      1.08       0.63       0.46       0.94       0.06 
      0.00       1.17       0.00       1.00       0.00 
      0.00       0.00       1.00       0.88       0.12 
      0.00       0.00       0.00       1.00       0.00 
      0.00       0.00       0.00       0.00       1.00 
Adjacency Matrix:
0110
0000
0001
0000
Strategy:
PayoffBasedLearning
Alpha:
1.00
Replication:
0
Payoffs:
Trait 0: 0.00
Trait 1: 1.58
Trait 2: 1.39
Trait 3: 2.77
Building initial transition matrix with uniform trait frequencies
Number of transient states: 5
Number of absorbing states: 1
Initial state new index: 0
States:
1000
1100
1010
1110
1011
1111
Initial transition matrix:
      0.48       0.28       0.24       0.00       0.00       0.00 
      0.00       0.67       0.00       0.33       0.00       0.00 
      0.00       0.00       0.00       0.36       0.64       0.00 
      0.00       0.00       0.00       0.00       0.00       1.00 
      0.00       0.00       0.00       0.00       0.00       1.00 
      0.00       0.00       0.00       0.00       0.00       1.00 
Q matrix:
      0.48       0.28       0.24       0.00       0.00 
      0.00       0.67       0.00       0.33       0.00 
      0.00       0.00       0.00       0.36       0.64 
      0.00       0.00       0.00       0.00       0.00 
      0.00       0.00       0.00       0.00       0.00 
I - Q matrix:
      0.52      -0.28      -0.24       0.00       0.00 
      0.00       0.33       0.00      -0.33       0.00 
      0.00       0.00       1.00      -0.36      -0.64 
      0.00       0.00       0.00       1.00       0.00 
      0.00       0.00       0.00       0.00       1.00 
Preliminary Fundamental matrix:
      1.93       1.60       0.47       0.70       0.30 
      0.00       3.00       0.00       1.00       0.00 
      0.00       0.00       1.00       0.36       0.64 
      0.00       0.00       0.00       1.00       0.00 
      0.00       0.00       0.00       0.00       1.00 
Updated trait frequencies:
Trait 0: 1.00
Trait 1: 0.57
Trait 2: 0.36
Trait 3: 0.07
Building final transition matrix with updated trait frequencies
Number of transient states: 5
Number of absorbing states: 1
Initial state new index: 0
Q matrix:
      0.13       0.56       0.31       0.00       0.00 
      0.00       0.29       0.00       0.71       0.00 
      0.00       0.00       0.00       0.82       0.18 
      0.00       0.00       0.00       0.00       0.00 
      0.00       0.00       0.00       0.00       0.00 
I - Q matrix:
      0.87      -0.56      -0.31       0.00       0.00 
      0.00       0.71       0.00      -0.71       0.00 
      0.00       0.00       1.00      -0.82      -0.18 
      0.00       0.00       0.00       1.00       0.00 
      0.00       0.00       0.00       0.00       1.00 
Expected steps: 3.40
Fundamental matrix:
      1.15       0.90       0.36       0.93       0.07 
      0.00       1.40       0.00       1.00       0.00 
      0.00       0.00       1.00       0.82       0.18 
      0.00       0.00       0.00       1.00       0.00 
      0.00       0.00       0.00       0.00       1.00 
Adjacency Matrix:
0110
0000
0001
0000
Strategy:
ProximalLearning
Alpha:
1.00
Replication:
0
Payoffs:
Trait 0: 0.00
Trait 1: 1.03
Trait 2: 1.27
Trait 3: 2.02
Building initial transition matrix with uniform trait frequencies
Number of transient states: 5
Number of absorbing states: 1
Initial state new index: 0
States:
1000
1100
1010
1110
1011
1111
Initial transition matrix:
      0.33       0.33       0.33       0.00       0.00       0.00 
      0.00       0.50       0.00       0.50       0.00       0.00 
      0.00       0.00       0.00       0.50       0.50       0.00 
      0.00       0.00       0.00       0.00       0.00       1.00 
      0.00       0.00       0.00       0.00       0.00       1.00 
      0.00       0.00       0.00       0.00       0.00       1.00 
Q matrix:
      0.33       0.33       0.33       0.00       0.00 
      0.00       0.50       0.00       0.50       0.00 
      0.00       0.00       0.00       0.50       0.50 
      0.00       0.00       0.00       0.00       0.00 
      0.00       0.00       0.00       0.00       0.00 
I - Q matrix:
      0.67      -0.33      -0.33       0.00       0.00 
      0.00       0.50       0.00      -0.50       0.00 
      0.00       0.00       1.00      -0.50      -0.50 
      0.00       0.00       0.00       1.00       0.00 
      0.00       0.00       0.00       0.00       1.00 
Preliminary Fundamental matrix:
      1.50       1.00       0.50       0.75       0.25 
      0.00       2.00       0.00       1.00       0.00 
      0.00       0.00       1.00       0.50       0.50 
      0.00       0.00       0.00       1.00       0.00 
      0.00       0.00       0.00       0.00       1.00 
Updated trait frequencies:
Trait 0: 1.00
Trait 1: 0.50
Trait 2: 0.43
Trait 3: 0.07
Building final transition matrix with updated trait frequencies
Number of transient states: 5
Number of absorbing states: 1
Initial state new index: 0
Q matrix:
      0.01       0.55       0.44       0.00       0.00 
      0.00       0.04       0.00       0.96       0.00 
      0.00       0.00       0.00       0.91       0.09 
      0.00       0.00       0.00       0.00       0.00 
      0.00       0.00       0.00       0.00       0.00 
I - Q matrix:
      0.99      -0.55      -0.44       0.00       0.00 
      0.00       0.96       0.00      -0.96       0.00 
      0.00       0.00       1.00      -0.91      -0.09 
      0.00       0.00       0.00       1.00       0.00 
      0.00       0.00       0.00       0.00       1.00 
Expected steps: 3.03
Fundamental matrix:
      1.01       0.58       0.45       0.96       0.04 
      0.00       1.04       0.00       1.00       0.00 
      0.00       0.00       1.00       0.91       0.09 
      0.00       0.00       0.00       1.00       0.00 
      0.00       0.00       0.00       0.00       1.00 
Adjacency Matrix:
0110
0000
0001
0000
Strategy:
PrestigeBasedLearning
Alpha:
1.00
Replication:
0
Payoffs:
Trait 0: 0.00
Trait 1: 1.32
Trait 2: 2.00
Trait 3: 2.77
Building initial transition matrix with uniform trait frequencies
Number of transient states: 5
Number of absorbing states: 1
Initial state new index: 0
States:
1000
1100
1010
1110
1011
1111
Initial transition matrix:
      0.33       0.33       0.33       0.00       0.00       0.00 
      0.00       0.50       0.00       0.50       0.00       0.00 
      0.00       0.00       0.00       0.50       0.50       0.00 
      0.00       0.00       0.00       0.00       0.00       1.00 
      0.00       0.00       0.00       0.00       0.00       1.00 
      0.00       0.00       0.00       0.00       0.00       1.00 
Q matrix:
      0.33       0.33       0.33       0.00       0.00 
      0.00       0.50       0.00       0.50       0.00 
      0.00       0.00       0.00       0.50       0.50 
      0.00       0.00       0.00       0.00       0.00 
      0.00       0.00       0.00       0.00       0.00 
I - Q matrix:
      0.67      -0.33      -0.33       0.00       0.00 
      0.00       0.50       0.00      -0.50       0.00 
      0.00       0.00       1.00      -0.50      -0.50 
      0.00       0.00       0.00       1.00       0.00 
      0.00       0.00       0.00       0.00       1.00 
Preliminary Fundamental matrix:
      1.50       1.00       0.50       0.75       0.25 
      0.00       2.00       0.00       1.00       0.00 
      0.00       0.00       1.00       0.50       0.50 
      0.00       0.00       0.00       1.00       0.00 
      0.00       0.00       0.00       0.00       1.00 
Updated trait frequencies:
Trait 0: 1.00
Trait 1: 0.50
Trait 2: 0.43
Trait 3: 0.07
Building final transition matrix with updated trait frequencies
Number of transient states: 5
Number of absorbing states: 1
Initial state new index: 0
Q matrix:
      0.04       0.51       0.45       0.00       0.00 
      0.00       0.12       0.00       0.88       0.00 
      0.00       0.00       0.00       0.88       0.12 
      0.00       0.00       0.00       0.00       0.00 
      0.00       0.00       0.00       0.00       0.00 
I - Q matrix:
      0.96      -0.51      -0.45       0.00       0.00 
      0.00       0.88       0.00      -0.88       0.00 
      0.00       0.00       1.00      -0.88      -0.12 
      0.00       0.00       0.00       1.00       0.00 
      0.00       0.00       0.00       0.00       1.00 
Expected steps: 3.11
Fundamental matrix:
      1.04       0.60       0.47       0.94       0.06 
      0.00       1.13       0.00       1.00       0.00 
      0.00       0.00       1.00       0.88       0.12 
      0.00       0.00       0.00       1.00       0.00 
      0.00       0.00       0.00       0.00       1.00 
Adjacency Matrix:
0110
0000
0001
0000
Strategy:
ConformityBasedLearning
Alpha:
1.00
Replication:
0
Payoffs:
Trait 0: 0.00
Trait 1: 1.51
Trait 2: 1.82
Trait 3: 2.80
Building initial transition matrix with uniform trait frequencies
Number of transient states: 5
Number of absorbing states: 1
Initial state new index: 0
States:
1000
1100
1010
1110
1011
1111
Initial transition matrix:
      0.33       0.33       0.33       0.00       0.00       0.00 
      0.00       0.50       0.00       0.50       0.00       0.00 
      0.00       0.00       0.00       0.50       0.50       0.00 
      0.00       0.00       0.00       0.00       0.00       1.00 
      0.00       0.00       0.00       0.00       0.00       1.00 
      0.00       0.00       0.00       0.00       0.00       1.00 
Q matrix:
      0.33       0.33       0.33       0.00       0.00 
      0.00       0.50       0.00       0.50       0.00 
      0.00       0.00       0.00       0.50       0.50 
      0.00       0.00       0.00       0.00       0.00 
      0.00       0.00       0.00       0.00       0.00 
I - Q matrix:
      0.67      -0.33      -0.33       0.00       0.00 
      0.00       0.50       0.00      -0.50       0.00 
      0.00       0.00       1.00      -0.50      -0.50 
      0.00       0.00       0.00       1.00       0.00 
      0.00       0.00       0.00       0.00       1.00 
Preliminary Fundamental matrix:
      1.50       1.00       0.50       0.75       0.25 
      0.00       2.00       0.00       1.00       0.00 
      0.00       0.00       1.00       0.50       0.50 
      0.00       0.00       0.00       1.00       0.00 
      0.00       0.00       0.00       0.00       1.00 
Updated trait frequencies:
Trait 0: 1.00
Trait 1: 0.50
Trait 2: 0.43
Trait 3: 0.07
Building final transition matrix with updated trait frequencies
Number of transient states: 5
Number of absorbing states: 1
Initial state new index: 0
Q matrix:
      0.02       0.53       0.45       0.00       0.00 
      0.00       0.07       0.00       0.93       0.00 
      0.00       0.00       0.00       0.90       0.10 
      0.00       0.00       0.00       0.00       0.00 
      0.00       0.00       0.00       0.00       0.00 
I - Q matrix:
      0.98      -0.53      -0.45       0.00       0.00 
      0.00       0.93       0.00      -0.93       0.00 
      0.00       0.00       1.00      -0.90      -0.10 
      0.00       0.00       0.00       1.00       0.00 
      0.00       0.00       0.00       0.00       1.00 
Expected steps: 3.06
Fundamental matrix:
      1.02       0.58       0.46       0.95       0.05 
      0.00       1.07       0.00       1.00       0.00 
      0.00       0.00       1.00       0.90       0.10 
      0.00       0.00       0.00       1.00       0.00 
      0.00       0.00       0.00       0.00       1.00 
Adjacency Matrix:
0100
0010
0001
0000
Strategy:
RandomLearning
Alpha:
1.00
Replication:
0
Payoffs:
Trait 0: 0.00
Trait 1: 1.78
Trait 2: 2.34
Trait 3: 3.69
Building initial transition matrix with uniform trait frequencies
Number of transient states: 3
Number of absorbing states: 1
Initial state new index: 0
States:
1000
1100
1110
1111
Initial transition matrix:
      0.67       0.33       0.00       0.00 
      0.00       0.50       0.50       0.00 
      0.00       0.00       0.00       1.00 
      0.00       0.00       0.00       1.00 
Q matrix:
      0.67       0.33       0.00 
      0.00       0.50       0.50 
      0.00       0.00       0.00 
I - Q matrix:
      0.33      -0.33       0.00 
      0.00       0.50      -0.50 
      0.00       0.00       1.00 
Preliminary Fundamental matrix:
      3.00       2.00       1.00 
      0.00       2.00       1.00 
      0.00       0.00       1.00 
Updated trait frequencies:
Trait 0: 1.00
Trait 1: 0.75
Trait 2: 0.25
Trait 3: 0.00
Building final transition matrix with updated trait frequencies
No unlearned traits in state 1110 with non-zero frequency
Number of transient states: 2
Number of absorbing states: 1
Initial state new index: 0
Q matrix:
      0.25       0.75 
      0.00       0.00 
I - Q matrix:
      0.75      -0.75 
      0.00       1.00 
Expected steps: 2.33
Fundamental matrix:
      1.33       1.00 
      0.00       1.00 
Adjacency Matrix:
0100
0010
0001
0000
Strategy:
PayoffBasedLearning
Alpha:
1.00
Replication:
0
Payoffs:
Trait 0: 0.00
Trait 1: 1.73
Trait 2: 2.04
Trait 3: 3.54
Building initial transition matrix with uniform trait frequencies
Number of transient states: 3
Number of absorbing states: 1
Initial state new index: 0
States:
1000
1100
1110
1111
Initial transition matrix:
      0.76       0.24       0.00       0.00 
      0.00       0.63       0.37       0.00 
      0.00       0.00       0.00       1.00 
      0.00       0.00       0.00       1.00 
Q matrix:
      0.76       0.24       0.00 
      0.00       0.63       0.37 
      0.00       0.00       0.00 
I - Q matrix:
      0.24      -0.24       0.00 
      0.00       0.37      -0.37 
      0.00       0.00       1.00 
Preliminary Fundamental matrix:
      4.22       2.73       1.00 
      0.00       2.73       1.00 
      0.00       0.00       1.00 
Updated trait frequencies:
Trait 0: 1.00
Trait 1: 0.79
Trait 2: 0.21
Trait 3: 0.00
Building final transition matrix with updated trait frequencies
No unlearned traits in state 1110 with non-zero frequency
Number of transient states: 2
Number of absorbing states: 1
Initial state new index: 0
Q matrix:
      0.24       0.76 
      0.00       0.00 
I - Q matrix:
      0.76      -0.76 
      0.00       1.00 
Expected steps: 2.32
Fundamental matrix:
      1.32       1.00 
      0.00       1.00 
Adjacency Matrix:
0100
0010
0001
0000
Strategy:
ProximalLearning
Alpha:
1.00
Replication:
0
Payoffs:
Trait 0: 0.00
Trait 1: 1.54
Trait 2: 2.27
Trait 3: 3.21
Building initial transition matrix with uniform trait frequencies
Number of transient states: 3
Number of absorbing states: 1
Initial state new index: 0
States:
1000
1100
1110
1111
Initial transition matrix:
      0.67       0.33       0.00       0.00 
      0.00       0.50       0.50       0.00 
      0.00       0.00       0.00       1.00 
      0.00       0.00       0.00       1.00 
Q matrix:
      0.67       0.33       0.00 
      0.00       0.50       0.50 
      0.00       0.00       0.00 
I - Q matrix:
      0.33      -0.33       0.00 
      0.00       0.50      -0.50 
      0.00       0.00       1.00 
Preliminary Fundamental matrix:
      3.00       2.00       1.00 
      0.00       2.00       1.00 
      0.00       0.00       1.00 
Updated trait frequencies:
Trait 0: 1.00
Trait 1: 0.75
Trait 2: 0.25
Trait 3: 0.00
Building final transition matrix with updated trait frequencies
No unlearned traits in state 1110 with non-zero frequency
Number of transient states: 2
Number of absorbing states: 1
Initial state new index: 0
Q matrix:
      0.07       0.93 
      0.00       0.00 
I - Q matrix:
      0.93      -0.93 
      0.00       1.00 
Expected steps: 2.08
Fundamental matrix:
      1.08       1.00 
      0.00       1.00 
Adjacency Matrix:
0100
0010
0001
0000
Strategy:
PrestigeBasedLearning
Alpha:
1.00
Replication:
0
Payoffs:
Trait 0: 0.00
Trait 1: 1.02
Trait 2: 2.81
Trait 3: 3.39
Building initial transition matrix with uniform trait frequencies
Number of transient states: 3
Number of absorbing states: 1
Initial state new index: 0
States:
1000
1100
1110
1111
Initial transition matrix:
      0.67       0.33       0.00       0.00 
      0.00       0.50       0.50       0.00 
      0.00       0.00       0.00       1.00 
      0.00       0.00       0.00       1.00 
Q matrix:
      0.67       0.33       0.00 
      0.00       0.50       0.50 
      0.00       0.00       0.00 
I - Q matrix:
      0.33      -0.33       0.00 
      0.00       0.50      -0.50 
      0.00       0.00       1.00 
Preliminary Fundamental matrix:
      3.00       2.00       1.00 
      0.00       2.00       1.00 
      0.00       0.00       1.00 
Updated trait frequencies:
Trait 0: 1.00
Trait 1: 0.75
Trait 2: 0.25
Trait 3: 0.00
Building final transition matrix with updated trait frequencies
No unlearned traits in state 1110 with non-zero frequency
Number of transient states: 2
Number of absorbing states: 1
Initial state new index: 0
Q matrix:
      0.20       0.80 
      0.00       0.00 
I - Q matrix:
      0.80      -0.80 
      0.00       1.00 
Expected steps: 2.25
Fundamental matrix:
      1.25       1.00 
      0.00       1.00 
Adjacency Matrix:
0100
0010
0001
0000
Strategy:
ConformityBasedLearning
Alpha:
1.00
Replication:
0
Payoffs:
Trait 0: 0.00
Trait 1: 1.22
Trait 2: 2.22
Trait 3: 3.80
Building initial transition matrix with uniform trait frequencies
Number of transient states: 3
Number of absorbing states: 1
Initial state new index: 0
States:
1000
1100
1110
1111
Initial transition matrix:
      0.67       0.33       0.00       0.00 
      0.00       0.50       0.50       0.00 
      0.00       0.00       0.00       1.00 
      0.00       0.00       0.00       1.00 
Q matrix:
      0.67       0.33       0.00 
      0.00       0.50       0.50 
      0.00       0.00       0.00 
I - Q matrix:
      0.33      -0.33       0.00 
      0.00       0.50      -0.50 
      0.00       0.00       1.00 
Preliminary Fundamental matrix:
      3.00       2.00       1.00 
      0.00       2.00       1.00 
      0.00       0.00       1.00 
Updated trait frequencies:
Trait 0: 1.00
Trait 1: 0.75
Trait 2: 0.25
Trait 3: 0.00
Building final transition matrix with updated trait frequencies
No unlearned traits in state 1110 with non-zero frequency
Number of transient states: 2
Number of absorbing states: 1
Initial state new index: 0
Q matrix:
      0.12       0.88 
      0.00       0.00 
I - Q matrix:
      0.88      -0.88 
      0.00       1.00 
Expected steps: 2.14
Fundamental matrix:
      1.14       1.00 
      0.00       1.00 
Adjacency Matrix:
0110
0001
0001
0000
Strategy:
RandomLearning
Alpha:
1.00
Replication:
0
Payoffs:
Trait 0: 0.00
Trait 1: 1.36
Trait 2: 1.22
Trait 3: 2.43
Building initial transition matrix with uniform trait frequencies
Number of transient states: 4
Number of absorbing states: 1
Initial state new index: 0
States:
1000
1100
1010
1110
1111
Initial transition matrix:
      0.33       0.33       0.33       0.00       0.00 
      0.00       0.50       0.00       0.50       0.00 
      0.00       0.00       0.50       0.50       0.00 
      0.00       0.00       0.00       0.00       1.00 
      0.00       0.00       0.00       0.00       1.00 
Q matrix:
      0.33       0.33       0.33       0.00 
      0.00       0.50       0.00       0.50 
      0.00       0.00       0.50       0.50 
      0.00       0.00       0.00       0.00 
I - Q matrix:
      0.67      -0.33      -0.33       0.00 
      0.00       0.50       0.00      -0.50 
      0.00       0.00       0.50      -0.50 
      0.00       0.00       0.00       1.00 
Preliminary Fundamental matrix:
      1.50       1.00       1.00       1.00 
      0.00       2.00       0.00       1.00 
      0.00       0.00       2.00       1.00 
      0.00       0.00       0.00       1.00 
Updated trait frequencies:
Trait 0: 1.00
Trait 1: 0.50
Trait 2: 0.50
Trait 3: 0.00
Building final transition matrix with updated trait frequencies
No unlearned traits in state 1110 with non-zero frequency
Number of transient states: 3
Number of absorbing states: 1
Initial state new index: 0
Q matrix:
      0.00       0.50       0.50 
      0.00       0.00       0.00 
      0.00       0.00       0.00 
I - Q matrix:
      1.00      -0.50      -0.50 
      0.00       1.00       0.00 
      0.00       0.00       1.00 
Expected steps: 2.00
Fundamental matrix:
      1.00       0.50       0.50 
      0.00       1.00       0.00 
      0.00       0.00       1.00 
Adjacency Matrix:
0110
0001
0001
0000
Strategy:
PayoffBasedLearning
Alpha:
1.00
Replication:
0
Payoffs:
Trait 0: 0.00
Trait 1: 1.82
Trait 2: 1.13
Trait 3: 2.42
Building initial transition matrix with uniform trait frequencies
Number of transient states: 4
Number of absorbing states: 1
Initial state new index: 0
States:
1000
1100
1010
1110
1111
Initial transition matrix:
      0.45       0.34       0.21       0.00       0.00 
      0.00       0.68       0.00       0.32       0.00 
      0.00       0.00       0.57       0.43       0.00 
      0.00       0.00       0.00       0.00       1.00 
      0.00       0.00       0.00       0.00       1.00 
Q matrix:
      0.45       0.34       0.21       0.00 
      0.00       0.68       0.00       0.32 
      0.00       0.00       0.57       0.43 
      0.00       0.00       0.00       0.00 
I - Q matrix:
      0.55      -0.34      -0.21       0.00 
      0.00       0.32       0.00      -0.32 
      0.00       0.00       0.43      -0.43 
      0.00       0.00       0.00       1.00 
Preliminary Fundamental matrix:
      1.82       1.93       0.89       1.00 
      0.00       3.13       0.00       1.00 
      0.00       0.00       2.33       1.00 
      0.00       0.00       0.00       1.00 
Updated trait frequencies:
Trait 0: 1.00
Trait 1: 0.61
Trait 2: 0.39
Trait 3: 0.00
Building final transition matrix with updated trait frequencies
No unlearned traits in state 1110 with non-zero frequency
Number of transient states: 3
Number of absorbing states: 1
Initial state new index: 0
Q matrix:
      0.00       0.71       0.29 
      0.00       0.00       0.00 
      0.00       0.00       0.00 
I - Q matrix:
      1.00      -0.71      -0.29 
      0.00       1.00       0.00 
      0.00       0.00       1.00 
Expected steps: 2.00
Fundamental matrix:
      1.00       0.71       0.29 
      0.00       1.00       0.00 
      0.00       0.00       1.00 
Adjacency Matrix:
0110
0001
0001
0000
Strategy:
ProximalLearning
Alpha:
1.00
Replication:
0
Payoffs:
Trait 0: 0.00
Trait 1: 1.56
Trait 2: 1.00
Trait 3: 2.66
Building initial transition matrix with uniform trait frequencies
Number of transient states: 4
Number of absorbing states: 1
Initial state new index: 0
States:
1000
1100
1010
1110
1111
Initial transition matrix:
      0.33       0.33       0.33       0.00       0.00 
      0.00       0.50       0.00       0.50       0.00 
      0.00       0.00       0.50       0.50       0.00 
      0.00       0.00       0.00       0.00       1.00 
      0.00       0.00       0.00       0.00       1.00 
Q matrix:
      0.33       0.33       0.33       0.00 
      0.00       0.50       0.00       0.50 
      0.00       0.00       0.50       0.50 
      0.00       0.00       0.00       0.00 
I - Q matrix:
      0.67      -0.33      -0.33       0.00 
      0.00       0.50       0.00      -0.50 
      0.00       0.00       0.50      -0.50 
      0.00       0.00       0.00       1.00 
Preliminary Fundamental matrix:
      1.50       1.00       1.00       1.00 
      0.00       2.00       0.00       1.00 
      0.00       0.00       2.00       1.00 
      0.00       0.00       0.00       1.00 
Updated trait frequencies:
Trait 0: 1.00
Trait 1: 0.50
Trait 2: 0.50
Trait 3: 0.00
Building final transition matrix with updated trait frequencies
No unlearned traits in state 1110 with non-zero frequency
Number of transient states: 3
Number of absorbing states: 1
Initial state new index: 0
Q matrix:
      0.00       0.50       0.50 
      0.00       0.00       0.00 
      0.00       0.00       0.00 
I - Q matrix:
      1.00      -0.50      -0.50 
      0.00       1.00       0.00 
      0.00       0.00       1.00 
Expected steps: 2.00
Fundamental matrix:
      1.00       0.50       0.50 
      0.00       1.00       0.00 
      0.00       0.00       1.00 
Adjacency Matrix:
0110
0001
0001
0000
Strategy:
PrestigeBasedLearning
Alpha:
1.00
Replication:
0
Payoffs:
Trait 0: 0.00
Trait 1: 1.41
Trait 2: 1.38
Trait 3: 2.51
Building initial transition matrix with uniform trait frequencies
Number of transient states: 4
Number of absorbing states: 1
Initial state new index: 0
States:
1000
1100
1010
1110
1111
Initial transition matrix:
      0.33       0.33       0.33       0.00       0.00 
      0.00       0.50       0.00       0.50       0.00 
      0.00       0.00       0.50       0.50       0.00 
      0.00       0.00       0.00       0.00       1.00 
      0.00       0.00       0.00       0.00       1.00 
Q matrix:
      0.33       0.33       0.33       0.00 
      0.00       0.50       0.00       0.50 
      0.00       0.00       0.50       0.50 
      0.00       0.00       0.00       0.00 
I - Q matrix:
      0.67      -0.33      -0.33       0.00 
      0.00       0.50       0.00      -0.50 
      0.00       0.00       0.50      -0.50 
      0.00       0.00       0.00       1.00 
Preliminary Fundamental matrix:
      1.50       1.00       1.00       1.00 
      0.00       2.00       0.00       1.00 
      0.00       0.00       2.00       1.00 
      0.00       0.00       0.00       1.00 
Updated trait frequencies:
Trait 0: 1.00
Trait 1: 0.50
Trait 2: 0.50
Trait 3: 0.00
Building final transition matrix with updated trait frequencies
No unlearned traits in state 1110 with non-zero frequency
Number of transient states: 3
Number of absorbing states: 1
Initial state new index: 0
Q matrix:
      0.00       0.50       0.50 
      0.00       0.00       0.00 
      0.00       0.00       0.00 
I - Q matrix:
      1.00      -0.50      -0.50 
      0.00       1.00       0.00 
      0.00       0.00       1.00 
Expected steps: 2.00
Fundamental matrix:
      1.00       0.50       0.50 
      0.00       1.00       0.00 
      0.00       0.00       1.00 
Adjacency Matrix:
0110
0001
0001
0000
Strategy:
ConformityBasedLearning
Alpha:
1.00
Replication:
0
Payoffs:
Trait 0: 0.00
Trait 1: 1.41
Trait 2: 1.35
Trait 3: 2.86
Building initial transition matrix with uniform trait frequencies
Number of transient states: 4
Number of absorbing states: 1
Initial state new index: 0
States:
1000
1100
1010
1110
1111
Initial transition matrix:
      0.33       0.33       0.33       0.00       0.00 
      0.00       0.50       0.00       0.50       0.00 
      0.00       0.00       0.50       0.50       0.00 
      0.00       0.00       0.00       0.00       1.00 
      0.00       0.00       0.00       0.00       1.00 
Q matrix:
      0.33       0.33       0.33       0.00 
      0.00       0.50       0.00       0.50 
      0.00       0.00       0.50       0.50 
      0.00       0.00       0.00       0.00 
I - Q matrix:
      0.67      -0.33      -0.33       0.00 
      0.00       0.50       0.00      -0.50 
      0.00       0.00       0.50      -0.50 
      0.00       0.00       0.00       1.00 
Preliminary Fundamental matrix:
      1.50       1.00       1.00       1.00 
      0.00       2.00       0.00       1.00 
      0.00       0.00       2.00       1.00 
      0.00       0.00       0.00       1.00 
Updated trait frequencies:
Trait 0: 1.00
Trait 1: 0.50
Trait 2: 0.50
Trait 3: 0.00
Building final transition matrix with updated trait frequencies
No unlearned traits in state 1110 with non-zero frequency
Number of transient states: 3
Number of absorbing states: 1
Initial state new index: 0
Q matrix:
      0.00       0.50       0.50 
      0.00       0.00       0.00 
      0.00       0.00       0.00 
I - Q matrix:
      1.00      -0.50      -0.50 
      0.00       1.00       0.00 
      0.00       0.00       1.00 
Expected steps: 2.00
Fundamental matrix:
      1.00       0.50       0.50 
      0.00       1.00       0.00 
      0.00       0.00       1.00 
Total failures: 0
Expected steps to absorption saved and compressed to '../output/expected_steps_4.csv.gz'
